0.917434247031,0.69694106457,0.686476002509,0.691668951288
0.918632782155,0.805080751683,0.525857199781,0.636179183578
0.930218621685,0.744774933459,0.730904632024,0.737774597431
0.930729108867,0.806735929897,0.638120433922,0.712589423471
0.93487959161,0.762507800337,0.748475169042,0.755426323551
0.934568860282,0.79546244559,0.686028213267,0.736703504685
0.938075685274,0.774335924848,0.759324024849,0.766756504474
0.936455443347,0.796417343084,0.70704696144,0.749075931861
0.938430806792,0.7732683724,0.765420325838,0.769324334728
0.939518366441,0.801274174685,0.729939194022,0.763945034981
0.941249583842,0.784673003414,0.776613508318,0.780622453963
0.939296415492,0.796332966675,0.737265641398,0.765661800097
0.942070802353,0.786550010438,0.78200386221,0.784270348261
0.941471534791,0.804389313929,0.745041410721,0.773578759843
0.941626900455,0.783960090522,0.77862287001,0.781282365254
0.941582510265,0.801771547388,0.750851032538,0.775476283804
0.942314948396,0.787243573501,0.782356210282,0.784792282844
0.941915436688,0.800412408356,0.754993717785,0.777039938045
0.942781045389,0.78802757052,0.784817042876,0.786419029995
0.943069581622,0.801303172793,0.768566978827,0.784593755098
0.943091776717,0.788158601001,0.788140833263,0.788149717032
0.942936411053,0.801000989639,0.765535966637,0.782867029627
0.943025191433,0.787706247544,0.78759057897,0.78764840901
0.942781045389,0.79574146453,0.771729936486,0.783551788547
0.943025191433,0.790434623176,0.783524456458,0.786964370933
0.943158362002,0.797850934809,0.772128350166,0.784778922713
0.943535678615,0.791252789342,0.78867156507,0.78996006865
0.943846409943,0.799770147606,0.776415621603,0.787919861254
0.943935190323,0.793472318332,0.786442865013,0.78994195374
0.943935190323,0.801268491195,0.775229076829,0.788033734172
0.943957385418,0.792377183957,0.790506924721,0.791440949435
0.943802019754,0.797921369168,0.778111815742,0.787892096851
0.944379092221,0.790700138948,0.797244412185,0.793958790362
0.944068360892,0.799432617661,0.779450602415,0.789315165939
0.943668849184,0.790556069778,0.789967883883,0.790261867385
0.943291532571,0.795226267541,0.779504403654,0.787286853287
0.944179336367,0.787517898073,0.797788607627,0.792619982477
0.944356897126,0.799304198401,0.783710381397,0.791430484817
0.944490067695,0.794232698776,0.790410974821,0.792317228326
0.943846409943,0.795686125094,0.781733807444,0.788648261975
0.94351348352,0.789672494657,0.78990504523,0.789788752825
0.944245921651,0.793453184001,0.788317643634,0.79087707703
0.944112751082,0.792836652146,0.789511246207,0.791170454899
0.94546665187,0.800947084502,0.788758991632,0.794806315717
0.944956164688,0.794224073995,0.79651860375,0.795369684027
0.94455665298,0.79915886841,0.783630326914,0.791318423399
0.944822994118,0.794860604822,0.796230526659,0.795544975993
0.944645433359,0.799177463528,0.785420515113,0.792239272714
0.944645433359,0.792637910571,0.797559513361,0.795091095876
0.945155920542,0.801414821799,0.786907516887,0.794094916451
